0 1024
1 1024
2 256
3 1024
4 1024
5 1024
6 1024
7 1024
8 1024
9 1024
10 1024
11 1024
12 1024
13 1024
14 1024
15 1024
16 1024
17 1024
18 1024
19 1024
20 1024
21 64
22 1024
23 1024
24 1024
25 1024
26 1024
27 1024
28 1024
29 1024
30 64
31 64
32 1024
33 256
34 256
35 1024
36 1024
37 1024
38 1024
39 1024
40 1024
41 1024
42 1024
43 1024
44 1024
45 1024
46 1024
47 1024
48 256
49 256
50 1024
51 1024
52 1024
53 1024
54 1024
55 1024
56 1024
57 1024
58 1024
59 1024
60 1024
61 1024
62 1024
63 1024
64 1024
65 1024
66 1024
67 1024
68 1024
69 1024
70 1024
71 1024
72 1024
73 1024
74 1024
75 1024
76 1024
77 1024
78 256
79 1024
80 1024
81 1024
82 256
83 256
84 1024
85 1024
86 1024
87 1024
88 1024
89 1024
90 1024
91 1024
92 1024
93 1024
94 1024
95 1024
96 1024
97 1024
98 1024
99 1024
100 1024
101 1024
102 1024
103 1024
104 1024
105 1024
106 1024
107 1024
108 1024
109 1024
110 1024
111 1024
112 1024
113 1024
114 1024
115 1024
116 1024
117 1024
118 1024
119 1024
120 1024
121 256
122 256
123 1024
124 64
125 1024
126 1024
127 1024
128 1024
129 1024
130 1024
131 1024
132 1024
133 1024
134 1024
135 1024
136 1024
137 256
138 256
139 256
140 1024
141 256
142 256
143 1024
144 1024
145 1024
146 1024
147 1024
148 1024
149 1024
150 1024
151 256
152 1024
153 64
154 1024
155 1024
156 1024
157 256
